 

     

,ζι7ῑ7,ῑ77ςςῑ7ψῑτ77;7;.τ;7ῑῑ7ι;7»>ή 7 7;7;7;777ῆ7η;π77 ;7777ῑ7;7η;ω :zv
..7777 7η* ,. 77777771777777777 777, 7.777, 77777777777777777 7 ..77 7,,77777777,.77,7.777 ι,1,7,77.777.77,7777. ,7.7 232..
77771777777777717777777177777. ..7777777777771777 7 ,1,77777 77777 ,,17777777777 7.77777777777777Ξ7ἤμ..
7;7ῑ777 ῑ71,7ε7177, 7ε7 ἡ7πςῑ77τ7771 7 ς 7ῑῑ7 7;7ε777,1ψ;17;;77,τ7 Ἱε77τ7τ
777777777777777 777 7777777777 ,777777 7,77, ,17777777 ,,7777777, 77.7 ,77, ,,77777.,77,,7,77777 7777777 ,177777
‚s 7777777777 ,7 7777 7,.. 7 7 7 ,7,, 77777 νζ 7. 77777777777777,77 7777777 ,7,777 Π777,7777,ι,,[7.7.7
777777777777777.777,777 7 7 7777 777, 7 7777777 7777777 ..,7, 77.7-77777727 7777 7,. 777-77777777 777.. ΞΞω 777
,7777777777 7.7 777, ,,7, ,7 7, 777777 7777777 7777, ,777 ..,777 777 ,7,777777.77 77777,7777,7777.777.7,, 7
11,777,7,7,7,χ77 ,77777777 >x ,77 777 7 77777 ,7 Η 77777777 ,777777777777 7777, 777777 333}ss2—:11—:f-2m
,7,,77 7777777 ,77,77 7,77 777777 , , 7 77 77 7777177 77 7. ,,777777777 ,777777 7777777 777 ,777-,17 77 77777777
-.777777777177777771177 77.7 7777777777 ,77177 77777777 ,(777 7777 77777777, 7.7ζ777 ,1777777777 ,7777777777
[7777777747 ,7,77777 777777 7.7 ,77.777 ,7, 7, 77777. 777 777777777777 77.777Δ 7777, 77777777 ΞΕ. 7777777Ξ
,,777 .7.77,,.77.77,7,, 77 7 Η 77 ,77777 771777, 77 777 ι 7777777777777 71... 777 ,Ξῖ

7 ,777777 777 77777 7.7 ,77777777777777777777777η77ῧ

            
          
            

,77777 777777, Δ7 77 7,
Δ7.777,7,7777777,7,.777777 777 7 .777.7,77,777,7 7
7777717777 ,,,,.7 ,77 ,,7777777,7,77,,,7 7, ,777777
,777, ,,,ἑᾱὶκ 7,,,7.777.7 777 ..777771 ,77777717 7 7

     

, 7 77777, 7777 77777,77,7,77;77 717 7.7

   

77.7 77.77777 77 ,7 7777 77777 77777777777777 77777777
7
7

     

7777ω7777.. 777777777777 17771777.. 77747777.

7 7 7 ,777.. 7., 777,7777 7777777 77777777

       

7

7

7
..77777777 77.7..,,77777,7,..77777777,777,,7177,77 , ,7,. 7 77,77
,,777 7777775777, ..777 ,177177 71. 7177777777777 kf: 7 77 77777, ,, ,7.777777777 77777 7771777 77777 7

 
  
        

,7777 7,, 77771, ,,7777 ,7,.;.7 7,, 777 ,777... 7777777,

  
  
     
     
       
   
   
     
  
  
  
    

53:222:-
7777777777 7.7 7717774777 7777 ,7,77 :fi—3 ‚rzsszzl ,1777707777 ,,777

zzz, 3321.

,7777774 ..7777777777 777777

,,777 ,77777«.,7.7,177 7.7 ...777777 77 77717 7 7,, 77777 ,77777 1777777 777771 77777777] 777 ,7,...777777

..7,7,77777,,7,7777] ,7 7,,77 77 7 7777 ,7.77 ,7 7 7 ,ι ,7777777,777,77.,7,,7777ῖ [,777] 777-77777 .777777,,777,7,7,κ 777777

7777... 77.7 ,,77 7 ss: ,777 77 7,, ,,77-..7777777777 ,77777777 777 7777 17777777 .7,,7,77777,,777,7,7777,

7 .7777.77 7 ,,,7 7, 7 77 77 77, 777 777 777, ,ι 5 7.7 7 77 77.7,77777 ,77, 7777777771 777 ..7.7

. 7 7 7 ,7 77 7777 7777, T: ..7777777777 ,7777771777 7.7,777777777 [Σ

77 7 , 7 7,777,7 7,, 7772... ,7 7777777..,,77ι,,777,,777.777777,.77
17777,7,7,,7.7,,7 , 77. , ,77 7- , 7 7 ,7,,77 7 ,77... 77 777777 η ,, ,7777777777 ...77717,,77,7,7.77,7777777777777

777 77.7,7777

..77777771Δ 777777777ρ77 ..,777 77777... ,777,- ..7777 „EI ,77777777 ,7,,7ἓῖ98
1773777,Δ ,7777 :57 37777777... ,7.,777777 7.7 7777 sil&5:531.ss„3413:FZQZt.>L„ZQ
,7777777 ,77. ,7,,77777 ..77.777 777 777 ,7777 77 717772 17 ,7 ,1, n 717 77777777777] 777771, fix—:fi
777777777777777Ὗ ..77777777 7.7,7 7777777777] ,777777 7.7 Δ7 7.7 .777777.>,7 7777777777.. 77777 777-7777777772-
,,7777777 17777777 7, 777 ..ς 7777,7 , ,77, ,77,7 7,, 7 5777772777, ,17777777 71777777 :zi-,ic
77.7,7777 177 7 777, 777 ,77 ,1777777177 ,777,777.7777,7,.7,7 777777771777777777,-,777-77],,ι7ᾆ
777777, ,7777 77 , 7.7 7 7Δ 7, ,777, ,77 7,....7 77.7777 7 77 ..,..77 ,7.7 77777777.. .7,7,7,7ι7777,77777 ,77Ξ
177777 77 ..77777777 71.. 7, ..77777 ,77.7-77 ,77,777 ..77777,7.777 7777777177777777777 .τ777,777.. ΕΞ
17777 77, 777 7.7 777 77 77 77 7777 ,7, , 77 1777. 77771777, ,,777,,,7,7,. 777777 :zzz-:Thu
,7777777777777777 77 ,7777777777 77], ,7777777777 ,,777, 77777 777 77 ,777777,..77777.77Ξ ,77157777777ω
1777,,7777,,,7 s 77 777 7, 7777, 77777 {QZ ,7177777 7777777 7777 ...,777,ευ-77777777 :cc
1:1⁴::;U.:;frss:2÷2:: 77τ,.;;7777 777 1ῖ7ῑτ77ῑς7777 fle „Qatm azaz
7 77] Ξῳτ. 3«

Aa A [234. JTT-..q-

     

